8827958
9465552
9406987
8246407
9171648
9184995
9320278
9466965
9149051
8509497
9388407
9472017
9457126
9463282
9333724
9452268
9417210
9274485
9342390
9291404
9409001
9444745
9200702
9234451
9466250
9260738
9442897
8908911
8697460
9468300
8214601
9403810
9193943
8799669
9393417
9310807
9268837
9470920
9467543
9424851
9444602
8943359
9468488
9466417
9430427
9468632
9454324
9116324
8669769
9415753
9372580
9332852
9456508
9333036
8509621
9149213
8649628
9138899
9400232
9425748
9048477
9459712
9439365
9422602
9436473
8935926
9451173
8655051
9428862
9407595
9438074
9381834
9447088
9416064
9114714
9456751
8850063
9451190
9347989
9080083
9453579
9410218
9454923
9436708
9406341
8845064
9412508
9306702
9354345
9451403
9443948
9310027
9463323
9428763
9372596
9306940
9449691
9413031
9411092
9459379
8804903
9359284
9198323
9432557
8869253
9454865
9368574
9436215
9465173
9198307
6962011
9399372
9025785
9449782
9467166
9451922
9472985
9283825
9295744
9352408
9311275
8592472
8870911
9206548
9467702
9400879
9464835
9466946
9473333
9163321
9465883
9456437
9451654
9432885
9373659
9433901
9418648
9453642
9464065
9445920
9323651
9395816
9465796
9456729
9158695
9436890
9473207
9297190
9209040
9440016
9456366
9413901
8923610
9270850
9464095
9445666
9146221
9325594
9471201
9452295
9280434
9437836
8803280
9297437
9453137
9468124
9470646
9414834
9409412
9410600
9124199
9225085
9396744
9463847
9135093
9450478
9429400
9420026
9469482
9432393
8406280
8918598
8474513
9438223
9435127
9439747
9462192
9466760
8678353
9340108
9235665
9467737
9114496
9455392
8914235
9399582
9417876
9439547
9082398
9459898
9387498
9259258
9346448
9341995
9456369
8545828
8800995
9466710
8906149
8364511
9397046
9460857
9407925
9378616
9002574
9469290
8853701
8548337
9399134
9389683
9270676
9401958
8687460
9447838
9440557
9398810
9333030
9447037
9269938
9188154
9472996
8930346
9212955
9472134
8978120
9381083
8750983
9089838
9294426
9371958
9450704
9421537
9453704
9444759
9280324
9442150
9464807
8601927
9407286
9470740
9469704
8532338
9422519
9469647
9430500
9443816
9417980
9281643
9310167
9459470
9392441
8958651
9448448
9432343
9450831
9459431
9455006
9437767
9456404
9454570
9464541
9262527
9442101
9453562
9395810
6538643
9340470
9391410
9339835
9447562
9448505
9444712
9463424
9423097
9447629
9423139
8818557
9462113
8612009
9421779
9107332
9014699
8670646
7791970
9471553
9473239
9469560
9434776
9470609
9436480
9451265
9422670
9298037
8736859
9468098
9469661
9467677
9388147
9441659
9031422
9357834
8890846
9393799
8585278
9420857
9048172
9419615
9252518
9472908
8672580
9448165
9129840
9409244
9382900
9462819
9381194
9426299
9156747
9189554
9466043
9457302
9448228
9312719
9405983
9409645
9347731
8471605
9452124
9447978
9340059
9434220
8948447
7748249
9223101
9412096
9365156
8934326
9263635
8605459
9447211
9296640
9443655
9469885
9449988
9408171
9235739
9294747
9303813
9437379
9397570
9295688
8736245
9250176
9403031
8961845
9238904
9449409
8291596
9470029
9419733
9408132
9322456
9343424
9451111
9453255
9361085
9447980
9389662
9470942
9466746
9434789
9216575
9450371
9320168
8905428
9322473
9384945
9022701
9228659
9465710
9442431
9447700
7398090
9422679
9424230
9088852
9372639
8881163
9456827
9439156
9447225
9332658
9459698
9383890
8839557
9436722
9465259
8901646
9436118
9355035
9143031
9357419
9437084
9412280
9074120
9329627
9461841
9469920
9418318
8867771
9473287
9433784
9450784
9432575
9181853
9400148
9430180
9408513
9457601
9451001
9365332
8881738
9292134
9456592
9442526
9461394
9436793
9440612
9372267
9291567
9407848
9400582
8513857
9323423
7768965
9440057
8958723
8258453
9389526
9454749
9168283
9014572
8470862
9354859
9366176
8828050
9356998
8413024
9398501
9431618
9354891
9470513
9462266
8621945
9472490
9471240
9426065
9450712
9468383
9427083
9410921
9403912
9377854
9294755
9422811
9349704
9454452
9403422
9380855
9384702
9363073
9407433
9467012
9449897
9364976
9465593
9463974
9471497
9232323
8995884
9464069
9436398
9438038
9469680
9024318
9339464
9415793
8770391
8769731
8958656
9447592
9297551
9419641
8821134
9444240
9389726
9048042
9189065
9398471
9439922
9186330
8830630
9465687
9442390
9456333
9163355
9437944
9364521
9182093
9369216
9425551
9410178
9464612
8812907
9473411
9362985
9341639
7291061
9472523
9265439
9414385
9143470
9021102
9450214
9448623
9385699
9453822
9467833
9470895
9437063
9346021
9438109
9461813
9462309
8791677
8506809
8943270
9460956
9406382
9463549
9469520
9425756
9441356
9470209
9360429
9456168
8656982
9259144
9463440
9345252
8815552
9470607
9297354
9459512
9312909
9186289
9109342
9448186
9456497
9411954
9215181
9465060
9466657
9297137
9460401
9386201
9275417
9182372
9414201
9454701
9471737
9413474
9063591
9330845
9465478
9418594
9436059
9459462
9352348
9431446
9472705
9341083
9384445
8197237
9172082
9429880
9436383
9446826
9314477
9431805
9464978
9441647
9432261
9471650
9441824
9409657
9467007
9442725
9281915
8956884
9469150
9415872
9397090
9433096
9444485
9372756
9465810
9418779
9464218
8711264
9313958
8110059
9391895
9430865
9436469
9075951
9452548
9435506
9418697
9385687
9454866
9401767
8891161
9437303
9455319
8968894
9471154
9399391
9457101
8600247
9391760
9041455
9395357
9450035
9428519
9432272
9424749
6448298
8894061
9434624
9412218
9338781
9419647
9436859
9297099
9292143
8624874
9470192
9391009
9469960
9460055
9456401
9470242
9338099
8481415
9059288
9436507
9362284
9339444
9373492
9123467
9228760
9439191
9281938
8815269
9447830
9111315
7562095
9144162
9418048
9450513
9472042
9089219
7769862
9394947
9408583
9357276
9425535
8759767
8979857
8829218
9394498
9350220
9301264
9426144
9404095
9434228
9382620
9276238
9440659
9295762
9453571
9421087
9457871
9362494
9260448
9115935
9360293
9441739
9401408
9366887
9224414
8953245
9411473
8770330
9190024
9111082
8704252
9337294
9268801
9345425
9421923
9109938
8958741
9454000
9378732
9470933
9419902
9275877
9386580
9273944
9449577
9457940
9439492
9454159
9428085
9383497
7061150
9472732
9466352
9352254
9143429
9261772
9463917
9473391
9340972
9461600
9453669
9453264
7810254
9464426
9062569
9286185
9460074
8259857
9414478
9254002
9334755
9062240
8694635
9443270
8988891
9432365
9467781
9461259
9357993
9469911
8659151
9371085
9460645
9303726
9403204
9433139
9185528
9419541
8995127
9396323
8670531
9470693
9003070
9416980
9468783
9468982
9429728
9450887
9398301
9383557
9013831
9434174
9401671
9347223
9450279
9452261
8865206
9281568
8979422
9363103
9278728
9293226
9439446
9389681
9382739
8624594
9113045
9423285
9425209
9462112
9196847
9389364
9464639
9227051
9106663
8744146
9460160
9465435
8943401
9440401
9420018
9417149
8973114
9392259
8958807
9389837
9122076
9164262
9463686
9383422
9447810
9318124
9138291
9407768
9435520
8699385
9021728
9465213
9432135
9246830
9417748
9466987
9242970
9456808
9435198
9107065
9403154
9464313
9160363
9447057
9467382
9430558
9467872
9463850
9446802
9437157
9436302
9449887
9364992
9078005
8962420
9357101
9393392
9316994
9383273
9394038
9470630
9206605
9469306
9380491
9331766
9398880
9472043
9435214
8925417
9405132
9433592
9447232
8298133
9049852
8920393
9108045
9395773
8925511
9464466
6889885
9444185
9437870
9358004
9469818
9468877
9319212
9390274
9339436
9225792
8381546
8639623
9436850
9441733
9384939
9461161
9157761
9299815
9452973
9446441
9337855
9457657
9162110
9399365
9436431
9256076
8790463
9266520
9362735
8940408
9440141
9464032
9456336
9208219
9333736
9333683
9404065
9470213
9437680
7913762
9416861
9454179
9373089
9452811
8986531
9430173
9391877
9428487
9298004
9304314
9391711
8605717
9449261
9325513
9456761
9246632
9415155
9185954
9042386
9389467
9454525
9436298
9012945
8910500
9229884
9447427
9322176
9428352
9307891
9414237
7913882
9429723
9470045
8365402
9434347
9438446
8889313
9330149
9448159
9340225
9443390
8409828
9469840
9141623
9370586
9401466
9447667
9460398
9462176
9375826
9447215
9456445
9430564
9418812
9467472
9427570
9434616
9467295
9437438
9240724
9442205
7988930
9456349
9417468
9469426
9467837
9185790
9374589
8995173
9378970
9405514
8586793
9464464
9067488
9264252
9429614
9319015
9442470
9094406
9464909
9124547
9467076
9383542
9455071
9447315
9354383
9444705
9441447
9471653
9466718
9414329
9471000
9465947
9182151
9447244
9457043
8115996
9433629
9470035
7567426
8808072
9422454
7912252
9371043
9473413
9454170
9447889
9232072
9264258
9469819
9453180
9433602
9340020
9432299
9426552
9142371
9455123
8875499
9399044
7586522
9430814
9254281
9419989
9472995
9472694
9346198
9426005
9283346
9387655
9384492
9206653
9306259
9420678
9417152
9024994
9378844
9385820
9370113
9232287
8454725
9425387
9197175
8533507
9419773
9404080
9412633
9358384
9029775
9417538
9345792
8902165
9470342
9446791
9225697
9456465
7911975
9424174
9173619
9403288
9446680
9320001
9466615
9417344
9350682
9380725
9449918
9458834
9038101
9236400
9444659
9417565
9469613
9454466
9463551
9393282
9419658
9394368
8983407
9168992
9418004
9441671
9464747
9464539
9357637
9317187
9466394
9470559
9358072
9173053
9431519
9393509
8605333
7804284
9183956
9238661
9349925
9457087
9463692
8800502
9418068
9421503
9439142
8770867
9450569
9457414
8926193
9465397
9451558
9451572
9414012
9462261
9231295
9188288
9466557
9467056
9226803
9473055
9432231
8972977
9275682
9315097
9372954
8530701
9397595
9117272
9455004
8422345
9437186
9124635
9471995
9427807
9344652
9427337
8943676
9461116
9181405
9451258
9402734
8481387
9310202
9432230
9275350
9379428
9468360
9304293
9450122
9372911
9386523
9391974
9459776
9450906
9368490
8582791
9441388
9303419
9457359
9365134
9392849
9429595
9407318
9031480
9433839
9470564
9432989
9470821
9126283
9449169
9388794
8762246
9209072
9278647
7948240
8014914
9469974
9274507
9463598
9233626
9466752
9389790
9446968
9123586
9302093
9385845
9449945
9463618
8777161
9260939
9404674
7374552
9436263
9198912
9357785
9436344
9354848
8443729
9047366
9453625
9422544
9429331
9447530
9454818
9223536
9456355
9191202
9456541
9401407
9441374
9469678
9443142
9008206
9461235
9443669
9304437
9431030
9359960
9447510
9472277
8779789
8116034
9473112
8882454
9448050
9449390
9457056
9463885
9378542
9466975
9441145
9395836
9385988
9409833
9442717
9369729
9395335
9022717
9431093
9463933
9051723
9459391
8678343
9468131
9444284
8599616
9446612
9454877
9288159
9456122
9430551
9392282
9316945
8726497
9439161
9467114
8969143
9120331
9075431
9443750
9399345
9435554
9250656
9462254
9376349
9234159
9032545
8716133
8899336
9465703
9424640
9459899
9367191
9295214
9395488
9433944
9461523
9459023
9417129
7967830
8972553
9473421
9421125
9455660
9463574
9450658
9449903
9435527
9460479
9453803
9458830
9355761
9437100
9225952
9368782
9467984
9467493
9452741
9454223
9421944
9040611
9382021
9375695
8943611
9240048
9305591
9451709
9270591
9441371
9460029
9184907
9457347
9464673
9336522
9274105
9387000
8949149
8603824
9396603
9259146
9424780
8770944
8751426
9434891
9388202
8671494
9270838
9413831
9393416
9460144
9281239
9357832
9436537
9433877
9415861
9383718
9472025
8600053
9442723
9045367
8306522
9464657
9263659
9217483
9389775
9411926
9301035
9426028
9455687
9468944
9445264
9417073
9284465
9473040
9467523
8843762
9443103
9385932
9462135
9418698
9430986
9384757
9422384
9466479
9408478
9422990
8653462
9414451
9459757
9087165
9107981
8626436
9437891
9325603
9405540
9467156
9438041
9407994
9463662
9454579
9380908
9450187
9341743
9239862
9438776
9443771
9255553
8975635
9467413
9431795
9450578
9436635
9447683
9445179
9440130
9223263
9459714
9431686
9441406
9441379
9402511
9463563
9464275
9405765
9404183
9355821
9339375
9235935
8485036
8443680
9466267
9431852
9437638
9391674
9441783
9436300
9207369
9362795
9433867
9467149
9183762
9408610
9250587
9025655
8521853
9413097
9354819
9045535
9248498
9398048
9365159
9230235
8234921
9348298
9464223
9426323
9468725
9436144
9471532
9427554
9434489
9461375
9232084
9320532
9464215
9456679
9138127
9104123
9433556
9386244
8450783
9413624
8873686
9470983
9451317
7003530
9403286
9376669
9454230
9330773
9461771
9143437
9305578
9447746
9464250
9467217
9469457
8759339
9426582
9415437
9156778
9473473
9465165
9195939
8243133
9164043
9441533
9247633
9381497
8136452
9438087
9422188
9196923
9136926
9422429
8385311
9472543
9456613
8392685
9427764
9458615
9173074
8979178
9442243
9367388
9442570
9428721
9430340
9093166
9282435
9450855
9369771
7851898
9433366
9459109
9418409
9460474
9107576
9454023
9469451
8912830
8670064
9417901
9408548
9392084
9380096
9470435
9349594
9098564
8945188
9399628
9285355
9406820
8342284
9401766
8825224
9436570
9395841
9438715
9313814
9440068
9285408
9432914
9223446
9001740
9462529
9042773
9393079
9251241
9428792
9468778
9200875
9450895
9353732
9095768
9439981
9382632
9383882
9292171
9457492
9454748
9407477
9447944
9439738
9398679
9428905
9196649
9333757
9463962
9357173
9448461
9320197
9428670
9436706
9455666
9445805
9112931
9466482
9430528
9362648
9466430
7726484
9378247
9401261
9390339
9013176
9422047
9385066
9410820
9023026
9458410
9383567
9450185
9251370
9464195
8296406
9453626
9381146
7571037
9425495
9363032
9463524
9200975
9325265
9078051
9450426
9352927
9257225
9473064
9389298
9411936
9403158
7467609
9395778
9281716
9333482
9472634
9280585
9419860
9433254
9195291
9392350
9431681
9405746
9416018
8964647
8197307
9388972
9446272
9469801
9417320
9454727
9298273
9359604
9425625
9304934
9396493
9436387
9234092
9449292
9455322
9113091
9357176
9432010
8786343
8949168
9308457
9429693
9438395
9470294
8823409
9448409
9432221
9291334
9464975
9459100
9438631
9457397
9445059
9210840
9299768
8492162
9446552
9461611
9462138
9310026
9430846
9464017
9417847
9403724
9241320
9443793
9272970
9443403
9097532
8407043
8796170
9447295
9235893
9455734
8807851
9436179
9469802
9464773
9321591
9398240
9372264
9284819
8686396
9402084
9463644
9444103
9246648
9469742
9053038
9123504
8533598
9445462
9459826
9411869
9463854
9397620
9362183
9367672
9428848
9462539
9391763
9436155
9420175
9331457
9440161
8647609
9406533
7888685
9466802
9399498
8807601
9381130
9321838
9463867
8703049
9381173
9469703
9407671
9335566
9451904
9400610
9451287
9334803
7448309
9418463
9466702
9451157
9455541
9460186
9439752
9292695
9450006
8604620
9469263
9455743
9467158
9400120
9411046
9462843
9449905
9265917
8991335
9466455
9420954
9454897
9451517
9456316
9185795
9390325
8883972
9395651
8640181
9438399
9228424
9053529
9343403
7805255
9211858
9398176
9453142
9454228
9275725
9403494
9224138
8638967
8770817
9157121
8282665
9470238
9473376
8771237
9295365
9381598
9466398
9357931
9456550
9372324
8849760
9467802
9351302
9372239
9362107
9373683
8793788
9464254
9374921
9438307
9441560
9460737
8265146
9389013
9401313
9443351
9463309
9400012
9393176
9368003
9402012
9367730
9442862
9462818
8947930
9299897
9339537
9344450
7989379
9467563
9414938
9468822
9456209
9454887
9439558
9425224
9466757
9438978
9152523
9422229
9456374
9367003
9441635
9378524
9394651
6094351
8554012
9253154
9392686
9344067
9023975
8427407
9288604
9378951
9466822
8654997
9467629
9344462
9444948
7450673
8894920
9261352
9080619
8527806
9432250
9423745
9208130
9399559
9434816
9304998
9130584
9467009
9174762
8805566
9245436
9458760
9382156
9410005
9435924
9432783
9459816
9303135
9415452
9361378
9428158
9289866
9421130
9129669
9465112
9319317
9457068
9445473
9364880
9325608
9450608
9401750
9293334
9405063
9165014
9392356
9456803
9355190
9398858
9464548
9239183
9406485
9454682
8888362
9394511
9028102
9444388
9365335
9426275
8600220
9254450
9282298
8645421
9342686
9387015
9422543
9409046
6704977
9295362
9290240
9319249
9210718